[-17.0,-65.0],
[28.4785,65.6436],
[-17.0,-65.0],
[8.5,-11.5],
[52.35,14.55],
[22.2833,114.183],
[38.3462,-0.487722],
[41.0186,28.9647],
[54.9667,-1.61667],
[27.8333,-81.717],
[39.7392,-104.985],
[39.0724,-76.7902],
[44.499,-75.3427],
[40.5834,-74.1496],
[40.5834,-74.1496],
[42.0664,-87.9373],
[26.0,50.55],
[-26.6601,153.1],
[30.0407,31.2401],
[-7.24917,112.751],
[22.5892,88.3103],
[22.3,70.7833],
[41.6333,14.4833],
[3.35,101.25],
[2.9282,101.78],
[36.8516,30.7832],
[10.3556,-67.0478],
[22.25,114.167],
[-8.83833,13.2344],
[13.1333,-59.6333],
[56.3068,9.4674],
[5.41123,100.335],
[51.8833,5.3],
[-38.0,175.5],
[25.1216,62.3254],
[33.7,73.1667],
[47.0,29.0],
[33.8719,35.5097],
[39.3498,-75.5148],
[31.106,-97.6475],
[31.1981,29.9192],
[75.0,-100.0],
[25.0478,121.532],
[53.0,-7.4],
[30.05,31.25],
[2.9282,101.78],
[33.7,73.1667],
[40.5333,29.3333],
[39.9289,116.388],
[32.9866,-83.6487],
[42.2709,-83.7263],
[32.8546,-79.9748],
[11.7748,-70.2412],
[-1.0,11.75],
[13.1027,103.198],
[35.4681,44.3922],
[33.7128,73.0873],
[-33.9346,18.8668],
[1.28528,103.845],
[37.9158,40.2189],
[37.912,-89.842],
[35.9429,-82.7088],
[-17.0,-65.0],
[19.0,-72.4167],
[37.95,23.7167],
[48.5,38.5],
[22.25,114.167],
[-34.8581,-56.1708],
[30.8938,118.769],
[39.9289,116.388],
[30.6667,104.067],
[53.2878,-6.34111],
[48.15,11.5833],
[32.7333,74.8667],
[35.97,14.3458],
[13.75,100.517],
[33.8353,-117.915],
[19.6011,-99.0525],
[61.385,-152.268],
[21.0,57.0],
[39.9289,116.388],
[32.9,35.3333],
[9.03333,38.7],
[50.0833,14.4667],
[-28.6207,31.0907],
[40.3736,-82.7755],
[29.0,125.0],
[11.4903,104.861],
[54.6833,25.3167],
[17.3018,101.954],
[-27.5,153.017],
[-33.8833,151.217],
[-41.0,174.0],
[22.25,114.167],
[53.0,28.0],
[49.75,6.1667],
[33.5,36.3],
[45.5667,-62.65],
[29.4317,103.66],
[38.532,48.4602],
[21.5169,39.2192],
[39.0646,-105.327],
[18.2766,-66.335],
[31.0,36.0],
[47.0,29.0],
[62.0,10.0],
[-34.8581,-56.1708],
[23.7231,90.4086],
[13.75,100.517],
[48.2915,25.9403],
[32.7673,-89.6812],
[29.4241,-98.4936],
[53.7167,-110.0],
[10.3333,7.75],
[30.05,31.25],
[52.5167,13.4],
[17.85,-100.367],
[30.1338,71.3685],
[54.7065,20.511],
[6.8749,101.255],
[41.1087,42.7022],
[35.0209,40.4535],
[39.2904,-76.6122],
[35.5376,-96.9247],
[-28.6207,31.0907],
[34.4067,-119.698],
[48.5,38.5],
[-23.5333,-46.6167],
[51.0167,13.65],
[30.25,79.25],
[13.75,100.517],
[13.7234,100.784],
[42.034,-71.8467],
[41.4334,-81.6665],
[32.8546,-79.9748],
[31.106,-97.6475],
[-16.5272,29.9841],
[50.6667,17.95],
[42.6,-84.3833],
[47.0056,28.8575],
[15.0,39.0],
[22.25,114.167],
[45.0833,6.7],
[42.8834,-74.4162],
[39.1314,-84.5163],
[31.106,-97.6475],
[30.0,70.0],
[4.36667,18.5833],
[37.75,14.25],
[25.2867,51.5333],
[31.2565,32.2841],
[13.8141,100.731],
[49.9808,36.2527],
[32.7153,-117.157],
[45.7326,-93.9196],
[40.5834,-74.1496],
[21.0333,105.85],
[42.8731,74.6003],
[39.9072,116.391],
[9.16667,92.8167],
[45.0,34.0],
[41.5834,-72.7622],
[42.563,-114.461],
[40.3363,-89.0022],
[37.912,-89.842],
[38.4623,-92.302],
[42.7667,-78.6664],
[45.1667,15.5],
[20.9667,72.9],
[25.6,85.1167],
[-25.7069,28.2294],
[-0.358173,42.5454],
[47.6062,-122.332],
[44.0407,-72.7093],
[-41.0,174.0],
[27.6154,79.6429],
[3.35,101.25],
[8.94139,7.09194],
[33.722,73.0224],
[27.8333,-81.717],
[40.3736,-82.7755],
[31.106,-97.6475],
[50.8333,4.33333],
[-34.0,-64.0],
[24.0,90.0],
[9.3961,80.3982],
[22.2,111.117],
[-38.8667,175.283],
[17.3018,101.954],
[43.4356,-70.4298],
[38.4623,-92.302],
[44.046,-123.07],
[39.9289,116.388],
[28.6,77.2],
[42.8333,124.633],
[39.9289,116.388],
[-1.28333,36.8167],
[37.669,-84.6514],
[38.4623,-92.302],
[36.175,-115.137],
[12.3703,-1.52472],
[-18.3667,26.4833],
[5.0,-59.0],
[22.25,114.167],
[6.93194,79.8478],
[11.9964,8.51667],
[33.8719,35.5097],
[37.8716,-122.273],
[26.467,-97.6336],
[8.97692,-63.6942],
[11.55,104.917],
[11.55,104.917],
[21.0333,-103.117],
[34.4133,-119.861],
[31.4593,104.754],
[14.5548,121.019],
[6.4402,7.4943],
[41.3833,2.18333],
[22.3833,114.267],
[22.4833,88.3833],
[56.95,24.1],
[13.5167,2.11667],
[4.78917,6.99861],
[41.4334,-81.6665],
[22.2833,114.133],
[13.2613,145.096],
[22.25,114.167],
[19.0,109.5],
[38.1833,127.817],
[52.25,21.0],
[-25.7069,28.2294],
[36.4667,111.783],
[41.0186,28.9647],
[39.5239,29.0279],
[10.0,8.0],
[34.0522,-118.244],
[53.4833,-2.23333],
[17.85,-100.367],
[38.7918,35.6592],
[51.8333,0.583333],
[55.8333,-4.25],
[11.8109,99.794],
[13.5463,106.284],
[25.465,110.076],
[31.2222,121.458],
[22.2833,114.133],
[-33.9167,18.4167],
[34.0983,-118.327],
[34.0522,-118.244],
[37.7749,-122.419],
[37.768,-78.2057],
[36.2168,-80.9998],
[5.0,-59.0],
[34.4133,-119.861],
[32.7153,-117.157],
[49.4909,16.6592],
[38.05,15.9167],
[56.2898,30.9745],
[54.5833,-5.93333],
[-34.1667,18.3333],
[30.0,70.0],
[-25.2513,-58.4517],
[42.7683,129.336],
[11.0,14.5],
[8.73308,126.321],
[52.35,14.55],
[25.0478,121.532],
[37.8044,-122.271],
[38.7892,-90.3226],
[-26.6601,153.1],
[42.0046,-93.214],
[-12.5,18.5],
[53.85,-9.3],
[49.3237,6.1212],
[9.58333,76.4167],
[39.0646,-105.327],
[-33.45,-70.6667],
[42.3314,-83.0458],
[22.25,114.167],
[31.6667,35.25],
[-31.9333,115.833],
[30.2553,120.169],
[11.9964,8.51667],
[34.0078,71.5733],
[46.1956,6.14811],
[25.0478,121.532],
[33.4484,-112.074],
[38.5816,-121.494],
[27.917,-82.3498],
[42.3367,-76.7886],
[41.85,-87.6501],
[18.9333,96.4333],
[53.3331,-6.24889],
[39.9272,32.8644],
[13.75,100.517],
[8.11486,-72.257],
[53.3331,-6.24889],
[33.8191,-80.9066],
[23.5,121.0],
[53.2878,-6.34111],
[22.4052,113.993],
[12.9953,80.2672],
[54.6833,25.3167],
[47.0056,28.8575],
[47.0056,28.8575],
[19.6011,-99.0525],
[-25.7069,28.2294],
[36.4667,111.783],
[41.0186,28.9647],
[34.0522,-118.244],
[11.55,104.917],
[39.9072,116.391],
[47.0,29.0],
[10.0,8.0],
[-33.8833,151.217],
[52.15,-97.7167],
[39.9289,116.388],
[31.95,35.9333],
[30.8233,72.4869],
[15.2384,104.849],
[32.9866,-83.6487],
[29.4241,-98.4936],
[43.6667,-79.4167],
[13.9833,100.617],
[13.75,100.517],
[-27.5,153.017],
[41.8309,-87.6264],
[39.0724,-76.7902],
[38.4623,-92.302],
[38.4623,-92.302],
[39.9044,116.391],
[55.6667,12.5833],
[42.8731,74.6003],
[-38.1333,145.117],
[49.5254,15.7271],
[17.85,-100.367],
[22.5,51.0],
[13.75,100.517],
[42.0046,-93.214],
[34.1113,-80.8823],
[46.7779,-123.503],
[40.3953,49.8822],
[-34.7485,149.718],
[37.75,14.25],
[25.6667,-100.317],
[41.3082,-72.9282],
[35.6411,-79.8431],
[39.9289,116.388],
[2.5,112.5],
[-34.7485,149.718],
[33.9167,76.6667],
[32.08060073852539,34.81420135498047],
[34.8,137.9],
[21.5169,39.2192],
[36.6404,32.8918],
[31.0,36.0],
[38.4623,-92.302],
[47.6062,-122.332],
[39.9289,116.388],
[30.05,31.25],
[-12.8167,-72.7833],
[39.9289,116.388],
[48.15,11.5833],
[18.4917,-93.75],
[41.6005,-93.6091],
[37.669,-84.6514],
[-24.95,-53.4667],
[45.4167,-75.7],
[11.55,104.917],
[28.304,86.004],
[25.1167,94.3667],
[52.6833,-1.81667],
[24.0,-107.033],
[47.0,8.0],
[-27.5,153.017],
[32.9228,50.0064],
[59.8944,30.2642],
[46.1956,6.14811],
[37.9158,40.2189],
[53.4333,-1.35],
[37.4241,-122.166],
[37.912,-89.842],
[31.106,-97.6475],
[37.768,-78.2057],
[8.11486,-72.257],
[33.3386,44.3939],
[22.25,114.167],
[53.2878,-6.34111],
[35.45,139.65],
[27.7167,85.3167],
[-26.2,28.0833],
[15.2384,104.849],
[37.4419,-122.143],
[38.4623,-92.302],
[43.85,18.3833],
[39.9289,116.388],
[23.1167,113.25],
[10.3556,-67.0478],
[4.0,-72.0],
[47.0,29.0],
[-37.9833,145.2],
[21.9392,110.846],
[53.2878,-6.34111],
[48.15,11.5833],
[22.4167,114.083],
[-38.05,175.783],
[-25.6347,27.7802],
[39.5239,29.0279],
[10.0,8.0],
[55.95,-3.2],
[55.8833,-4.21667],
[39.7392,-104.985],
[40.3363,-89.0022],
[43.3504,-84.5603],
[40.1135,-111.854],
[52.9667,-1.16667],
[23.5,121.0],
[-33.8833,151.217],
[9.3961,80.3982],
[-4.32972,15.315],
[39.9289,116.388],
[32.7333,74.8667],
[11.5333,79.4833],
[19.4342,-99.1386],
[22.5,51.0],
[19.9086,99.8325],
[37.8716,-122.273],
[47.5,-72.0],
[13.75,100.517],
[3.75,-76.5],
[3.16667,101.7],
[10.6969,122.564],
[13.75,100.517],
[9.50841,99.9964],
[33.7712,-111.388],
[38.8964,-77.0262],
[1.3667,103.8],
[22.25,114.167],
[-22.0,-49.0],
[24.4798,118.082],
[22.2833,114.133],
[53.4833,-2.23333],
[44.3504,6.35634],
[5.11185,-1.24373],
[43.0547,141.354],
[48.567,39.3171],
[1.28528,103.845],
[39.9272,32.8644],
[39.9289,116.388],
[34.0333,-118.037],
[15.0,115.0],
[35.6411,-79.8431],
[24.0,90.0],
[43.7,-79.5667],
[27.7901,120.544],
[30.25,79.25],
[25.2867,51.5333],
[5.0885,116.448],
[41.0186,28.9647],
[48.5,38.5],
[34.7333,-120.034],
[39.7392,-104.985],
[32.0667,34.7667],
[44.2394,-114.51],
[15.3333,43.3],
[-30.3261,149.784],
[37.0,127.5],
[25.2522,55.28],
[16.0,106.0],
[42.3333,23.55],
[53.2878,-6.34111],
[44.4333,26.1],
[37.0594,37.3825],
[39.9289,116.388],
[51.4,-1.31667],
[21.5,-80.0],
[32.8168,-85.8333],
[38.9459,-92.3277],
[35.5376,-96.9247],
[-31.5498,116.467],
[38.9342,100.452],
[22.2833,114.167],
[52.6833,-1.81667],
[32.5172,35.1535],
[25.2867,51.5333],
[-25.7069,28.2294],
[-33.958,18.4608],
[38.7918,35.6592],
[37.8716,-122.273],
[39.2904,-76.6122],
[38.9459,-92.3277],
[35.5376,-96.9247],
[31.106,-97.6475],
[-34.8581,-56.1708],
[-41.0,174.0],
[12.5,-69.9667],
[4.83333,6.0],
[32.0387,73.751],
[50.7295,22.3254],
[52.4,54.9833],
[36.7328,34.6442],
[39.7392,-104.985],
[42.4833,-90.8668],
[41.85,-87.6501],
[31.106,-97.6475],
[39.9289,116.388],
[36.0,138.0],
[25.5,51.25],
[36.0015,-78.94],
[39.9289,116.388],
[52.25,21.0],
[38.4623,-92.302],
[-22.57,17.0836],
[-26.6601,153.1],
[39.9289,116.388],
[29.75,31.2333],
[33.6667,35.8333],
[26.4667,80.35],
[47.0056,28.8575],
[34.1083,-117.29],
[27.0442,-82.2359],
[48.6667,19.5],
[30.8167,130.433],
[46.3,23.1333],
[25.7743,-80.1937],
[42.4487,-71.8773],
[42.2709,-83.7263],
[44.046,-123.07],
[31.106,-97.6475],
[36.0962,43.3293],
[6.93194,79.8478],
[27.7481,116.274],
[6.03333,39.0833],
[-7.5,110.0],
[20.9667,72.9],
[25.7743,-80.1937],
[-34.0,-64.0],
[48.2,16.3667],
[31.2222,121.458],
[17.55,-98.75],
[43.3427,132.556],
[49.9808,36.2527],
[42.6442,-74.7252],
[39.8209,-84.0194],
[24.2011,112.907],
[6.0,12.0],
[48.6667,19.5],
[22.25,114.167],
[5.11185,-1.24373],
[53.4203,36.585],
[31.2565,32.2841],
[35.5148,35.7768],
[38.4623,-92.302],
[22.0,98.0],
[31.2222,121.458],
[22.25,114.167],
[42.8731,74.6003],
[35.3359,40.1408],
[9.50841,99.9964],
[37.7855,38.6237],
[32.7153,-117.157],
[40.015,-105.271],
[38.4623,-92.302],
[38.4623,-92.302],
[35.2778,-106.454],
[40.3736,-82.7755],
[41.4995,-81.6954],
[39.9044,116.391],
[51.05,13.75],
[22.25,114.167],
[33.8333,35.8333],
[24.4798,118.082],
[14.85,75.2667],
[24.8167,87.9333],
[35.685,139.751],
[37.5664,127.0],
[51.2206,22.7003],
[44.9572,34.1108],
[34.6168,-83.4999],
[39.0724,-76.7902],
[12.3703,-1.52472],
[12.5,-69.9667],
[53.1667,-0.25],
[22.25,114.167],
[-5.0,120.0],
[33.3386,44.3939],
[13.0,-85.0],
[22.25,114.167],
[34.5667,76.1],
[23.2667,77.4],
[7.31667,1.16667],
[39.7392,-104.985],
[39.9523,-75.1638],
[-26.6601,153.1],
[55.15,-107.617],
[22.25,114.167],
[36.0,138.0],
[52.35,4.91667],
[-26.2,28.0833],
[1.36917,103.85],
[40.4,-3.68333],
[37.9158,40.2189],
[53.5,-2.21667],
[37.4419,-122.143],
[41.762,-72.742],
[8.54934,-72.3914],
[41.9,12.4833],
[21.5,-80.0],
[10.0,8.0],
[42.8333,124.633],
[39.9289,116.388],
[-33.3042,26.5328],
[51.8333,0.583333],
[27.8333,-81.717],
[39.0724,-76.7902],
[40.5773,-77.264],
[35.7449,-86.7489],
[8.11486,-72.257],
[19.6011,-99.0525],
[-31.8667,152.633],
[-12.9833,-38.5167],
[4.0,-60.0],
[-34.0,-64.0],
[25.0478,121.532],
[38.4623,-92.302],
[-25.7069,28.2294],
[-17.8178,31.0447],
[8.73308,126.321],
[-37.5627,143.863],
[22.25,114.167],
[30.05,31.25],
[49.3237,6.1212],
[43.3427,132.556],
[-33.958,18.4608],
[13.75,100.517],
[26.1681,-80.1187],
[-18.9858,32.6431],
[44.4167,8.95],
[52.2,0.116667],
[-12.5,18.5],
[15.0,48.0],
[25.2622,88.9927],
[41.8667,34.0],
[40.5004,-76.625],
[31.106,-97.6475],
[37.0017,35.3289],
[22.25,114.167],
[39.9289,116.388],
[26.0,94.25],
[20.6667,78.55],
[17.85,-100.367],
[69.5667,19.5],
[50.2113,20.7347],
[36.2028,37.1586],
[53.1667,-1.0],
[37.768,-78.2057],
[33.8191,-80.9066],
[46.7779,-123.503],
[40.1135,-111.854],
[15.0,19.0],
[-16.0,167.0],
[22.25,114.167],
[39.9289,116.388],
[22.25,114.167],
[22.2,111.117],
[50.0833,14.4667],
[32.2167,76.3167],
[11.9964,8.51667],
[21.5169,39.2192],
[37.1784,-3.5992],
[37.0017,35.3289],
[39.8647,-86.2604],
[41.6772,-71.5101],
[8.97692,-63.6942],
[22.25,114.167],
[20.9667,72.9],
[39.5296,-119.814],
[32.3333,-64.75],
[42.8333,12.8333],
[47.0,29.0],
[29.4317,103.66],
[21.9392,110.846],
[53.55,10.0],
[28.6,77.2],
[18.975,72.8258],
[28.6,77.2],
[23.35,85.3333],
[59.9167,10.75],
[36.8028,10.1797],
[39.9272,32.8644],
[34.0983,-118.327],
[31.106,-97.6475],
[40.1135,-111.854],
[-26.6601,153.1],
[34.4067,-119.698],
[-12.5,18.5],
[43.6667,-79.4167],
[3.4819,98.9088],
[4.0,-72.0],
[37.8716,-122.273],
[40.5773,-77.264],
[22.25,114.167],
[39.9289,116.388],
[-34.0,-64.0],
[-37.8167,144.967],
[9.3961,80.3982],
[34.675,33.0333],
[19.05,72.9333],
[47.0056,28.8575],
[17.9167,-93.8833],
[46.4639,30.7386],
[44.5672,-122.127],
[31.106,-97.6475],
[43.1426,-70.6517],
[26.545,117.843],
[39.5,-8.0],
[23.1167,113.25],
[23.35,85.3333],
[38.532,48.4602],
[37.075,42.3801],
[31.95,35.9333],
[3.16667,101.7],
[13.0609,5.23902],
[42.8731,74.6003],
[53.4333,-1.35],
[40.4395,-93.2341],
[10.2353,-67.5911],
[26.2361,50.5831],
[13.5463,106.284],
[39.9289,116.388],
[19.6011,-99.0525],
[49.8833,-97.1667],
[12.3703,-1.52472],
[37.6,-4.5],
[41.85,-87.6501],
[-26.2,28.0833],
[39.9289,116.388],
[-20.2833,57.55],
[47.0056,28.8575],
[31.6667,35.25],
[38.1167,13.3667],
[25.6667,-100.317],
[53.2014,5.80859],
[27.8333,-81.717],
[10.6833,-71.6833],
[63.35,18.85],
[51.2667,7.18333],
[22.2833,114.183],
[27.7333,-110.467],
[-25.5833,27.5667],
[17.3018,101.954],
[41.8667,34.0],
[27.8333,-81.717],
[40.3363,-89.0022],
[45.7326,-93.9196],
[31.106,-97.6475],
[42.3584,-71.0598],
[37.768,-78.2057],
[22.25,114.167],
[22.25,114.167],
[27.7167,85.3167],
[38.4623,-92.302],
[11.5,43.0],
[48.6667,19.5],
[41.9,12.4833],
[10.0,8.0],
[15.3547,44.2067],
[11.55,104.917],
[54.6833,25.3167],
[19.4342,-99.1386],
[32.0387,73.751],
[38.3462,-0.487722],
[27.765,-82.5825],
[40.7282,-74.0776],
[38.4623,-92.302],
[22.35,114.183],
[22.25,114.167],
[47.7253,-122.578],
[22.25,114.167],
[33.3386,44.3939],
[-35.2833,149.217],
[30.6667,104.067],
[5.45834,100.215],
[13.5167,2.11667],
[-38.8667,175.283],
[35.4681,44.3922],
[37.768,-78.2057],
[30.0,70.0],
[25.0816,113.96],
[11.0,78.0],
[62.1167,10.65],
[25.0478,121.532],
[39.0724,-76.7902],
[39.5296,-119.814],
[42.5,19.3],
[30.8167,130.433],
[59.3333,18.05],
[19.6011,-99.0525],
[39.9289,116.388],
[25.5,51.25],
[39.9272,32.8644],
[50.9333,6.95],
[22.2833,114.133],
[37.5664,127.0],
[47.4333,142.033],
[45.4667,9.2],
[39.9272,32.8644],
[44.4333,26.1],
[41.1087,42.7022],
[39.9289,116.388],
[40.3736,-82.7755],
[39.9289,116.388],
[43.9,12.9167],
[1.36917,103.85],
[30.0445,31.2332],
[46.1956,6.14811],
[32.7153,-117.157],
[21.1098,-157.531],
[31.1981,29.9192],
[35.4309,-83.4474],
[35.7449,-86.7489],
[22.25,114.167],
[11.0,14.5],
[39.7195,45.6474],
[-24.95,-53.4667],
[42.7683,129.336],
[34.5667,76.1],
[30.25,79.25],
[24.0,-107.033],
[-26.466,28.2257],
[38.1653,32.1592],
[41.8309,-87.6264],
[6.85,35.0667],
[47.0,29.0],
[-27.5,153.017],
[4.6,-74.0833],
[53.7189,-6.34778],
[17.85,-100.367],
[-44.1667,171.05],
[36.4667,111.783],
[41.85,-87.6501],
[35.4676,-97.5164],
[6.03333,39.0833],
[-5.0,120.0],
[47.0,29.0],
[-33.0,-56.0],
[22.2,111.117],
[22.2833,114.133],
[20.0333,75.7167],
[3.35,101.25],
[39.2904,-76.6122],
[-17.3116,31.5756],
[39.9289,116.388],
[-25.2513,-58.4517],
[33.0038,113.128],
[18.6116,-69.041],
[38.532,48.4602],
[25.6667,-100.317],
[-41.3,174.783],
[45.0,34.0],
[37.768,-78.2057],
[-30.3261,149.784],
[36.5437,31.9998],
[-27.5,153.017],
[-33.8833,151.217],
[33.0038,113.128],
[32.0387,73.751],
[37.4241,-122.166],
[45.0,34.0],
[-25.7069,28.2294],
[37.6,-4.5],
[42.0046,-93.214],
[17.6333,-101.55],
[59.0,26.0],
[30.0,70.0],
[16.8053,96.1561],
[45.5833,-62.6333],
[33.8719,35.5097],
[41.0186,28.9647],
[33.8191,-80.9066],
[35.6411,-79.8431],
[37.768,-78.2057],
[56.0,10.0],
[43.7449,19.0149],
[56.0,10.0],
[11.9744,-86.0942],
[32.9614,70.573],
[57.85,92.5667],
[69.3,124.567],
[33.5,36.3],
[37.5744,43.7408],
[39.2904,-76.6122],
[35.4676,-97.5164],
[46.7779,-123.503],
[47.6062,-122.332],
[13.75,100.517],
[13.75,100.517],
[46.1956,6.14811],
[22.25,114.167],
[47.0,29.0],
[4.95,114.85],
[22.2,113.533],
[39.9289,116.388],
[-1.51667,37.2667],
[-29.6635,27.4045],
[10.3333,7.75],
[11.8464,13.1603],
[33.7128,73.0873],
[69.3,124.567],
[59.3333,18.05],
[36.9081,30.6956],
[-6.8,39.2833],
[44.6074,-69.3977],
[35.2001,-89.8668],
[36.2014,128.298],
[-34.0,-64.0],
[9.50841,99.9964],
[-21.3251,47.5441],
[15.5881,32.5342],
[40.4395,-93.2341],
[44.8408,-93.2983],
[-33.6318,151.318],
[23.7231,90.4086],
[11.55,104.917],
[6.93194,79.8478],
[45.7299,127.331],
[25.1833,85.5167],
[32.5312,44.4116],
[32.7756,71.9522],
[38.4623,-92.302],
[39.2904,-76.6122],
[-19.899,30.4697],
[53.3331,-6.24889],
[20.9667,72.9],
[53.0,-8.0],
[33.8333,35.8333],
[52.5167,13.4],
[26.2361,50.5831],
[28.0,3.0],
[28.304,86.004],
[30.0,70.0],
[-7.5,110.0],
[20.6667,78.55],
[45.4667,9.2],
[16.4667,-93.2556],
[39.9289,116.388],
[41.4995,-81.6954],
[41.4334,-81.6665],
[8.54934,-72.3914],
[10.75,106.667],
[25.0478,121.532],
[53.0,-8.0],
[22.25,114.167],
[37.9158,40.2189],
[-33.8833,151.217],
[54.65,-8.11667],
[49.0047,8.38583],
[28.9446,51.4596],
[6.4402,7.4943],
[13.0609,5.23902],
[48.0466,36.7518],
[33.4484,-112.074],
[41.8528,-87.6117],
[41.85,-87.6501],
[11.55,104.917],
[33.8719,35.5097],
[40.1873,40.7794],
[41.0,64.0],
[-38.1333,145.117],
[43.85,18.3833],
[22.25,114.167],
[38.532,48.4602],
[41.9,12.4833],
[1.28389,103.858],
[30.6874,-86.5625],
[32.516,-93.7321],
[32.8546,-79.9748],
[13.75,100.517],
[10.0,8.0],
[25.2867,51.5333],
[38.2911,127.281],
[62.1167,10.65],
[51.5055,31.2849],
[28.292,-80.7492],
[21.3069,-157.858],
[41.85,-87.6501],
[-34.8581,-56.1708],
[-18.3667,26.4833],
[1.3667,103.8],
[51.05,13.75],
[5.48333,7.03041],
[33.7,73.1667],
[44.8431,20.4011],
[54.35,-6.66667],
[62.0,10.0],
[-5.0,120.0],
[23.5,121.0],
[24.4118,54.4657],
[-34.0,-64.0],
[22.3992,113.145],
[22.2,111.117],
[16.4667,-93.2556],
[28.0024,84.6201],
[-26.1821,28.0267],
[47.1159,38.0852],
[10.5962,-66.9548],
[20.0,77.0],
[53.7167,-110.0],
[53.2878,-6.34111],
[38.1167,13.3667],
[17.9167,-93.8833],
[41.0186,28.9647],
[25.0478,121.532],
[18.2766,-66.335],
[5.0,-59.0],
[42.15,24.75],
[15.0,115.0],
[43.8667,-79.4333],
[39.9289,116.388],
[17.55,-98.75],
[5.48333,102.1],
[41.0186,28.9647],
[40.3363,-89.0022],
[35.5376,-96.9247],
[44.5672,-122.127],
[9.6,37.8333],
[33.3386,44.3939],
[33.7,73.1667],
[40.1167,23.8167],
[5.41123,100.335],
[34.9513,-92.3809],
[41.5834,-72.7622],
[38.4623,-92.302],
[18.9333,96.4333],
[39.9072,116.391],
[-33.9167,18.4167],
[41.0186,28.9647],
[24.0,119.0],
[37.2333,-121.768],
[36.1156,-97.0584],
[22.25,114.167],
[22.25,114.167],
[2.5,112.5],
[-33.0,-56.0],
[53.7311,-6.25917],
[32.2167,76.3167],
[6.31056,-10.8047],
[-13.35,33.4667],
[35.95,39.0167],
[41.2867,36.33],
[42.2709,-83.7263],
[26.219,-98.2449],
[21.8435,111.086],
[11.8667,39.7333],
[40.1167,23.8167],
[38.899,-77.038],
[39.2904,-76.6122],
[-26.6601,153.1],
[25.0478,121.532],
[7.0,81.0],
[49.05,-122.3],
[33.6667,35.8333],
[27.5,-99.5167],
[35.3359,40.1408],
[51.6667,-3.0],
[38.4623,-92.302],
[42.3584,-71.0598],
[41.4995,-81.6954],
[44.0153,-73.1673],
[43.1833,-7.48333],
[21.0,57.0],
[45.5833,-62.6333],
[32.45,35.5333],
[14.8373,120.287],
[36.3831,36.5169],
[42.2373,-71.5314],
[42.2709,-83.7263],
[38.4199,-117.122],
[41.6772,-71.5101],
[39.9289,116.388],
[22.0,96.0833],
[1.55,110.333],
[13.75,100.517],
[34.6667,135.5],
[34.8375,-106.237],
[32.8546,-79.9748],
[10.5002,-63.214],
[2.5,112.5],
[41.9,12.4833],
[-34.5875,-58.6725],
[-37.8167,144.967],
[-31.9958,115.751],
[25.0478,121.532],
[60.7167,24.85],
[22.5697,88.3697],
[38.532,48.4602],
[25.6667,-100.317],
[10.8658,12.847],
[55.2781,58.1391],
[42.947,-76.4291],
[-37.9527,143.338],
[42.0,50.0],
[40.5834,-74.1496],
[62.0,10.0],
[29.5267,35.0078],
[-33.958,18.4608],
[1.36917,103.85],
[13.75,100.517],
[25.0478,121.532],
[48.9215,24.7097],
[37.8714,-109.343],
[22.2833,114.133],
[29.4241,-98.4936],
[-6.17444,106.829],
[8.5,-11.5],
[23.5,121.0],
[39.9289,116.388],
[35.125,33.95],
[26.0,94.25],
[18.4917,-93.75],
[32.5312,44.4116],
[-15.3292,28.682],
[13.75,100.517],
[33.3386,44.3939],
[-34.8581,-56.1708],
[-34.8581,-56.1708],
[-4.32972,15.315],
[9.14608,-83.605],
[47.0056,28.8575],
[39.9289,116.388],
[55.9333,-4.75],
[35.7449,-86.7489],
[40.1402,-111.699],
[31.1981,29.9192],
[-34.8581,-56.1708],
[-30.3261,149.784],
[34.796,72.1502],
[25.2622,88.9927],
[22.4333,114.033],
[30.05,31.25],
[30.65,-110.267],
[25.0478,121.532],
[51.5055,31.2849],
[19.0,109.5],
[40.5834,-74.1496],
[22.25,114.167],
[33.8333,35.8333],
[35.8333,14.5833],
[4.95,114.85],
[39.9072,116.391],
[39.1422,117.177],
[15.0,19.0],
[55.6667,12.5833],
[-7.41361,109.496],
[18.5333,73.8667],
[3.16667,101.7],
[13.75,100.517],
[52.5833,-3.5],
[48.2915,25.9403],
[34.0522,-118.244],
[31.106,-97.6475],
[22.2,96.1833],
[22.4833,88.3833],
[46.5,11.3333],
[43.0,12.5],
[3.35,101.25],
[34.796,72.1502],
[33.8719,35.5097],
[41.5834,-72.7622],
[46.7779,-123.503],
[40.3736,-82.7755],
[32.9866,-83.6487],
[41.0,123.0],
[6.8749,101.255],
[39.5239,29.0279],
[61.385,-152.268],
[38.5111,-96.8005],
[40.5004,-76.625],
[41.85,-87.6501],
[-12.5,18.5],
[-23.0,-58.0],
[34.3482,62.1997],
[-32.0,151.0],
[25.0478,121.532],
[11.0,78.0],
[27.6154,79.6429],
[34.4,132.45],
[13.5167,2.11667],
[-33.3042,26.5328],
[25.0383,121.564],
[51.5333,-0.1],
[48.2915,25.9403],
[37.9521,-122.557],
[38.8964,-77.0262],
[27.8333,-81.717],
[39.9272,32.8644],
[31.2565,32.2841],
[-33.0,-56.0],
[22.25,114.167],
[22.3167,114.167],
[34.4,132.45],
[35.685,139.751],
[30.8233,72.4869],
[35.3359,40.1408],
[46.1956,6.14811],
[54.9878,-1.42139],
[32.0667,34.7667],
[44.4526,-73.2005],
[32.4594,35.3009],
[22.25,114.167],
[41.4995,-81.6954],
[33.7,73.1667],
[39.0639,-108.551],
[39.9289,116.388],
[30.8233,72.4869],
[31.2565,32.2841],
[35.5148,35.7768],
[53.3331,-6.24889],
[37.768,-78.2057],
[32.7603,-117.213],
[39.0724,-76.7902],
[41.6772,-71.5101],
[15.3547,44.2067],
[-19.1146,31.8934],
[-22.9,-43.2333],
[23.5,121.0],
[25.2522,55.28],
[11.55,104.917],
[39.9289,116.388],
[22.25,114.167],
[51.2667,7.18333],
[34.4133,-119.861],
[42.563,-114.461],
[39.2904,-76.6122],
[39.9044,116.391],
[35.5376,-96.9247],
[36.0,138.0],
[59.9167,10.75],
[22.25,114.167],
[12.3765,6.35837],
[-25.6347,27.7802],
[1.36917,103.85],
[41.3833,2.18333],
[34.0522,-118.244],
[30.05,31.25],
[64.0003,-150.0],
[50.8333,4.33333],
[22.25,114.167],
[22.3167,114.167],
[-7.5,110.0],
[22.4833,88.3833],
[25.6,85.1167],
[17.85,-100.367],
[45.0,34.0],
[33.5,36.3],
[33.5,36.3],
[42.3223,-83.1763],
[40.5,16.5],
[46.9167,7.46667],
[39.9272,32.8644],
[21.0333,105.85],
[55.95,-3.2],
[47.0056,28.8575],
[12.1508,-86.2683],
[38.7167,-9.13333],
[17.3018,101.954],
[43.4356,-70.4298],
[55.8333,-4.25],
[22.25,114.167],
[55.95,-3.2],
[44.6074,-69.3977],
[11.5504,104.888],
[32.5472,35.3583],
[3.35,101.25],
[31.5497,74.3436],
[24.7863,67.133],
[51.55,-0.283333],
[-34.8581,-56.1708],
[10.6317,-71.6406],
[-18.9858,32.6431],
[34.675,33.0333],
[33.8719,35.5097],
[22.25,114.167],
[39.9289,116.388],
[23.5,121.0],
[53.3331,-6.24889],
[28.6,77.2],
[32.8925,13.18],
[17.85,-100.367],
[32.2215,71.1416],
[35.3359,40.1408],
[16.4467,102.833],
[41.1087,42.7022],
[37.8119,-122.295],
[42.277,-72.4009],
[33.8191,-80.9066],
[-34.0,-64.0],
[33.8333,35.8333],
[5.9749,116.072],
[20.9667,72.9],
[38.532,48.4602],
[46.5,11.3333],
[35.4681,44.3922],
[5.41123,100.335],
[57.1522,65.5272],
[33.5375,-112.182],
[27.765,-82.5825],
[42.2709,-83.7263],
[41.4334,-81.6665],
[47.5,-72.0],
[39.9289,116.388],
[5.41123,100.335],
[52.5167,13.4],
[21.9392,110.846],
[39.9289,116.388],
[22.4167,114.083],
[51.55,-0.283333],
[52.5833,-3.5],
[27.4989,-82.5748],
[41.4334,-81.6665],
[11.0,-10.0],
[-29.85,31.0167],
[-30.9806,150.258],
[-37.8167,144.967],
[39.9289,116.388],
[31.2222,121.458],
[22.3833,114.267],
[20.0333,75.7167],
[37.5664,127.0],
[45.0,34.0],
[38.4623,-92.302],
[22.25,114.167],
[22.25,114.167],
[40.1167,23.8167],
[41.9,12.4833],
[22.25,114.167],
[11.9964,8.51667],
[26.4344,50.1033],
[34.0433,-118.27],
[38.4623,-92.302],
[38.4623,-92.302],
[39.9289,116.388],
[22.25,114.167],
[53.65,7.8],
[28.4785,65.6436],
[-33.9167,18.4167],
[41.3833,2.18333],
[40.2885,29.4458],
[37.669,-84.6514],
[47.6062,-122.332],
[38.4199,-117.122],
[38.4623,-92.302],
[23.2667,77.4],
[34.945,72.8164],
[41.2867,36.33],
[41.85,-87.6501],
[38.4623,-92.302],
[39.2904,-76.6122],
[43.0167,-88.007],
[59.8944,30.2642],
[33.8191,-80.9066],
[20.8133,105.338],
[-22.0,-49.0],
[25.0478,121.532],
[30.0433,31.2326],
[53.85,-8.2],
[-7.5,110.0],
[26.45,74.6333],
[28.9446,51.4596],
[-25.7069,28.2294],
[41.0186,28.9647],
[61.385,-152.268],
[34.0058,-118.341],
[35.6411,-79.8431],
[41.4995,-81.6954],
[25.0478,121.532],
[46.4639,30.7386],
[48.0,68.0],
[25.2522,55.28],
[21.1167,73.1167],
[23.35,85.3333],
[31.5497,74.3436],
[48.5,38.5],
[40.5834,-74.1496],
[47.4,130.367],
[37.75,14.25],
[39.9289,116.388],
[10.0,49.0],
[-32.0,151.0],
[6.93194,79.8478],
[11.55,104.917],
[30.25,79.25],
[53.3226,50.7374],
[17.3018,101.954],
[7.45,-68.4833],
[42.8333,12.8333],
[23.7231,90.4086],
[24.0,119.0],
[28.65,77.2333],
[-22.3693,30.623],
[15.5881,32.5342],
[9.50841,99.9964],
[31.2222,121.458],
[45.4667,9.2],
[44.6074,-69.3977],
[38.4623,-92.302],
[36.0015,-78.94],
[12.3703,-1.52472],
[10.3556,-67.0478],
[-17.8178,31.0447],
[7.0,81.0],
[-4.32972,15.315],
[39.9289,116.388],
[21.9392,110.846],
[34.0983,-118.327],
[22.2833,114.133],
[-6.17444,106.829],
[-6.17444,106.829],
[30.25,79.25],
[22.25,114.167],
[47.0056,28.8575],
[53.0,-8.0],
[39.6492,27.8861],
[25.0478,121.532],
[54.8667,-4.83333],
[41.0265,-73.6285],
[27.765,-82.5825],
[37.912,-89.842],
[37.768,-78.2057],
[19.6011,-99.0525],
[37.0,127.5],
[21.0,57.0],
[21.9392,110.846],
[28.6,77.2],
[21.5169,39.2192],
[18.2359,-66.4838],
[8.11486,-72.257],
[34.5167,69.1833],
[30.05,31.25],
[15.0,115.0],
[45.6476,5.86085],
[32.0667,34.7667],
[-34.9333,138.6],
[55.95,-3.2],
[41.9,12.4833],
[34.0078,71.5733],
[54.7065,20.511],
[-29.85,31.0167],
[39.7392,-104.985],
[30.05,31.25],
[25.7743,-80.1937],
[18.2359,-66.4838],
[22.25,114.167],
[38.7918,35.6592],
[30.0,70.0],
[24.4118,54.4657],
[50.0833,14.4667],
[22.4333,114.033],
[31.5497,74.3436],
[27.8333,-81.717],
[41.85,-87.6501],
[38.4623,-92.302],
[-31.8667,152.633],
[22.25,114.167],
[8.73308,126.321],
[-30.9806,150.258],
[22.4833,88.3833],
[23.5,78.5],
[35.685,139.751],
[27.7167,85.3167],
[53.6167,-2.15],
[18.2766,-66.335],
[35.0845,-106.651],
[41.85,-87.6501],
[11.5,43.0],
[37.7749,-122.419],
[39.9289,116.388],
[36.1926,44.0106],
[31.95,35.9333],
[51.5055,31.2849],
[37.7749,-122.419],
[44.046,-123.07],
[33.8719,35.5097],
[-29.85,31.0167],
[-12.5,18.5],
[7.12539,-73.1198],
[41.9,12.4833],
[31.95,35.9333],
[10.8658,12.847],
[27.0,85.5833],
[37.2905,42.3019],
[37.768,-78.2057],
[21.3069,-157.858],
[41.8334,-87.8501],
[20.8133,105.338],
[50.0833,14.4667],
[30.25,79.25],
[32.767,22.6367],
[-5.0,120.0],
[-41.3,174.783],
[36.8516,30.7832],
[39.9289,116.388],
[53.5,-2.21667],
[41.92,-84.6305],
[37.2333,-121.768],
[35.5376,-96.9247],
[12.3703,-1.52472],
[1.3667,103.8],
[28.6,77.2],
[23.0333,72.6167],
[26.1833,71.25],
[23.5,78.5],
[11.8135,7.56222],
[25.1216,62.3254],
[13.75,100.517],
[38.7918,35.6592],
[31.106,-97.6475],
[59.9167,10.75],
[13.75,100.517],
[-12.5,18.5],
[39.9289,116.388],
[28.4785,65.6436],
[69.3,124.567],
[42.7475,-107.209],
[9.50917,-13.7122],
[22.1667,114.25],
[22.2833,114.133],
[15.457,36.4001],
[51.8333,0.583333],
[44.8186,20.4681],
[29.0,120.0],
[39.9289,116.388],
[40.1167,23.8167],
[30.25,79.25],
[41.9,12.4833],
[-3.78298,39.2758],
[13.75,100.517],
[27.8333,-81.717],
[37.4419,-122.143],
[43.6667,-79.4167],
[11.8667,39.7333],
[-7.41361,109.496],
[32.5542,35.4375],
[35.685,139.751],
[19.4342,-99.1386],
[36.0,138.0],
[35.2778,-106.454],
[25.5,51.25],
[37.768,-78.2057],
[13.75,100.517],
[30.35,69.9347],
[37.8716,-122.273],
[40.3363,-89.0022],
[38.4623,-92.302],
[41.4995,-81.6954],
[42.2373,-71.5314],
[12.3703,-1.52472],
[15.5,-90.25],
[33.8333,35.8333],
[47.3833,-53.1333],
[22.25,114.167],
[5.34111,-4.02806],
[10.0,76.5],
[21.4667,74.9833],
[31.7734,35.1981],
[33.5,36.3],
[44.2394,-114.51],
[-22.9575,14.5053],
[22.2833,114.133],
[28.6,77.2],
[16.0,106.0],
[50.0833,14.4667],
[52.5167,13.4],
[47.0056,28.8575],
[33.5,36.3],
[59.8944,30.2642],
[17.3018,101.954],
[41.1087,42.7022],
[45.4667,9.2],
[21.3069,-157.858],
[39.8647,-86.2604],
[38.2029,-75.6924],
[-18.3667,26.4833],
[43.85,18.3833],
[39.9272,32.8644],
[42.7,-82.9499],
[-17.8178,31.0447],
[17.3753,78.4744],
[55.3019,21.3817],
[47.0056,28.8575],
[48.2915,25.9403],
[31.106,-97.6475],
[10.7167,-71.6833],
[39.9289,116.388],
[41.9,12.4833],
[26.9167,75.8167],
[38.532,48.4602],
[17.55,-98.75],
[27.0,85.5833],
[31.2411,73.5156],
[-26.1821,28.0267],
[37.8716,-122.273],
[38.7892,-90.3226],
[45.85,9.38333],
[54.6833,25.3167],
[57.5,-1.78333],
[-2.8869,29.1248],
[45.5667,-62.65],
[43.8667,-79.4333],
[39.9289,116.388],
[53.2878,-6.34111],
[31.9253,34.8669],
[37.6,-4.5],
[41.0186,28.9647],
[39.8647,-86.2604],
[36.4001,-80.2498],
[42.0046,-93.214],
[40.3363,-89.0022],
[20.9667,72.9],
[53.0,28.0],
[23.5,121.0],
[-1.66667,-78.6333],
[40.1167,23.8167],
[34.8,137.9],
[19.6011,-99.0525],
[33.8353,-117.915],
[34.0983,-118.327],
[34.1083,-117.29],
[39.9337,-104.961],
[53.55,10.0],
[8.97692,-63.6942],
[25.2622,88.9927],
[36.4667,111.783],
[29.6161,76.9806],
[29.6,77.7],
[17.55,-98.75],
[-41.3,174.783],
[33.5,36.3],
[42.3584,-71.0598],
[-30.3261,149.784],
[-34.0,-64.0],
[0.559247,36.332],
[23.6333,-97.8333],
[24.8667,67.05],
[-33.9167,18.4167],
[27.917,-82.3498],
[31.106,-97.6475],
[44.2563,-89.6385],
[39.9289,116.388],
[58.0292,55.8443],
[39.9289,116.388],
[25.1833,85.5167],
[45.6989,12.2256],
[-13.35,33.4667],
[24.8667,67.05],
[48.567,39.3171],
[10.75,106.667],
[35.5376,-96.9247],
[41.9,12.4833],
[11.85,-15.5833],
[10.4667,-9.76667],
[47.0056,28.8575],
[-43.25,171.8],
[36.9081,30.6956],
[-23.5333,-46.6167],
[22.25,114.167],
[-27.5,153.017],
[-34.0,-64.0],
[43.85,18.3833],
[21.9392,110.846],
[30.0445,31.2332],
[44.8186,20.4681],
[35.3359,40.1408],
[52.2,0.116667],
[41.3951,-73.4535],
[41.8528,-87.6117],
[39.9272,32.8644],
[17.3018,101.954],
[41.5834,-72.7622],
[33.8719,35.5097],
[12.3703,-1.52472],
[21.0333,105.85],
[6.8624,80.0239],
[53.25,-2.11667],
[19.6011,-99.0525],
[50.237,12.875],
[34.0983,-118.327],
[52.35,4.91667],
[39.2904,-76.6122],
[23.5,121.0],
[1.13333,31.35],
[10.1806,-68.0039],
[15.0,19.0],
[43.85,18.3833],
[11.8667,39.7333],
[34.796,72.1502],
[54.8532,38.5084],
[42.8731,74.6003],
[51.4667,-0.45],
[35.7449,-86.7489],
[40.4667,-92.5335],
[10.0233,-64.5973],
[52.5167,13.4],
[41.9,12.4833],
[22.25,114.167],
[33.5,36.3],
[39.9289,116.388],
[-25.2667,-57.6667],
[-27.5,153.017],
[21.9392,110.846],
[6.03333,39.0833],
[50.237,12.875],
[64.15,-21.95],
[33.6667,35.8333],
[-38.6533,178.004],
[55.8333,-4.25],
[38.4623,-92.302],
[50.8333,4.33333],
[40.5834,-74.1496],
[38.532,48.4602],
[39.9272,32.8644],
[54.5833,-5.93333],
[44.9572,34.1108],
[45.0941,-93.3563],
[44.2563,-89.6385],
[-18.1853,31.5519],
[40.757,-73.986],
[24.4798,118.082],
[39.9072,116.391],
[22.3,70.7833],
[45.6989,12.2256],
[34.6667,135.5],
[52.0938,5.11909],
[37.8716,-122.273],
[41.85,-87.6501],
[40.9601,-73.8243],
[33.7712,-111.388],
[22.2833,114.133],
[13.2613,145.096],
[37.0,127.5],
[-27.5,153.017],
[39.9272,32.8644],
[21.1167,73.1167],
[26.4667,80.35],
[17.9167,-93.8833],
[27.7167,85.3167],
[69.3,124.567],
[41.0186,28.9647],
[33.8353,-117.915],
[38.4623,-92.302],
[39.9523,-75.1638],
[35.8333,14.5833],
[33.8719,35.5097],
[-4.32972,15.315],
[3.16667,101.7],
[-35.2833,149.217],
[27.25,80.75],
[32.2167,76.3167],
[22.2833,114.133],
[22.1667,114.25],
[34.4,132.45],
[34.796,72.1502],
[41.92,-84.6305],
[41.85,-87.6501],
[41.85,-87.6501],
[61.385,-152.268],
[40.1811,44.5136],
[25.0478,121.532],
[11.8667,39.7333],
[39.9272,32.8644],
[52.35,4.91667],
[-21.7197,34.9917],
[-25.7069,28.2294],
[33.5,36.3],
[32.8168,-85.8333],
[42.2709,-83.7263],
[42.3223,-83.1763],
[22.25,114.167],
[-30.9806,150.258],
[45.5,-73.5833],
[11.8667,39.7333],
[38.4623,-92.302],
[32.7766,-79.9309],
[-18.1853,31.5519],
[11.5,43.0],
[-33.8833,151.217],
[19.2,73.1667],
[33.9674,36.6574],
[39.5239,29.0279],
[33.4484,-112.074],
[38.4623,-92.302],
[39.2904,-76.6122],
[20.9667,72.9],
[-12.5,18.5],
[-29.0,24.0],
[22.25,114.167],
[32.6095,35.2895],
[11.8697,-86.3377],
[-33.958,18.4608],
[41.1087,42.7022],
[41.6005,-93.6091],
[17.7833,95.75],
[39.9289,116.388],
[-34.8581,-56.1708],
[58.4,-114.75],
[22.25,114.167],
[33.59,-7.61],
[54.8667,-4.83333],
[48.9215,24.7097],
[35.6921,-80.4956],
[35.4676,-97.5164],
[46.7779,-123.503],
[-18.3667,26.4833],
[-37.9527,143.338],
[41.0186,28.9647],
[28.0,3.0],
[47.0056,28.8575],
[22.25,114.167],
[-33.8833,151.217],
[21.8667,95.9833],
[19.0167,72.85],
[30.1338,71.3685],
[-13.8458,-73.1953],
[42.8731,74.6003],
[-25.7069,28.2294],
[40.5333,29.3333],
[53.4333,-1.35],
[37.5079,-120.855],
[25.9812,-80.1484],
[31.1801,-91.8749],
[39.2904,-76.6122],
[42.8333,12.8333],
[-33.0,-56.0],
[47.0,8.0],
[6.93194,79.8478],
[7.89391,-72.5078],
[29.75,31.2333],
[53.3758,-9.065],
[17.3018,101.954],
[41.0167,-83.6666],
[10.3556,-67.0478],
[-34.7485,149.718],
[8.98333,79.9],
[-6.6586,110.865],
[47.0056,28.8575],
[49.9808,36.2527],
[37.7749,-122.419],
[37.0,127.5],
[42.2373,-71.5314],
[21.0333,105.85],
[41.4995,-81.6954],
[44.5672,-122.127],
[45.5167,-75.8667],
[29.35,90.65],
[22.2833,114.167],
[14.9333,-92.3],
[59.8944,30.2642],
[13.75,100.517],
[54.8667,-4.83333],
[11.2284,-70.2456],
[39.9289,116.388],
[22.2833,114.133],
[33.6667,35.8333],
[62.1167,10.65],
[28.4785,65.6436],
[-1.9487,30.4347],
[46.1956,6.14811],
[13.75,100.517],
[25.0478,121.532],
[25.0478,121.532],
[40.015,-105.271],
[38.5111,-96.8005],
[39.0724,-76.7902],
[38.4623,-92.302],
[8.11486,-72.257],
[-34.0,-64.0],
[42.8333,12.8333],
[46.1667,13.0],
[41.0186,28.9647],
[20.0,77.0],
[26.45,119.333],
[16.75,-62.2],
[25.0478,121.532],
[51.6167,-9.53333],
[29.6161,76.9806],
[46.1956,6.14811],
[40.4036,27.3039],
[27.8333,-81.717],
[31.0,36.0],
[36.154,-95.9928],
[22.1667,114.25],
[29.6161,76.9806],
[-25.7069,28.2294],
[40.4,-3.68333],
[13.75,100.517],
[37.2011,-122.055],
[34.1083,-117.29],
[29.4241,-98.4936],
[39.9289,116.388],
[33.1298,-100.056],
[43.6667,-78.0],
[21.4667,74.9833],
[32.0387,73.751],
[35.3359,40.1408],
[40.5333,29.3333],
[34.0058,-118.341],
[4.78917,6.99861],
[38.4199,-117.122],
[35.222,-101.831],
[31.106,-97.6475],
[45.4167,-75.7],
[46.4639,30.7386],
[39.9289,116.388],
[29.6161,76.9806],
[24.0,-107.033],
[14.8373,120.287],
[36.4261,32.1925],
[31.0,36.0],
[13.75,100.517],
[-33.0,-56.0],
[6.78283,-1.57853],
[28.6,77.2],
[51.2206,22.7003],
[34.4133,-119.861],
[41.8309,-87.6264],
[38.4623,-92.302],
[32.8546,-79.9748],
[31.106,-97.6475],
[29.4241,-98.4936],
[47.0,8.0],
[46.9167,7.46667],
[39.9289,116.388],
[39.9289,116.388],
[22.25,114.167],
[-27.5,153.017],
[22.4167,114.083],
[53.3331,-6.24889],
[23.5,78.5],
[35.685,139.751],
[31.2411,73.5156],
[-26.2667,27.8667],
[35.3359,40.1408],
[8.07597,99.8695],
[34.5828,-117.409],
[29.9546,-90.0751],
[35.9429,-82.7088],
[13.75,100.517],
[22.35,114.183],
[20.5,84.4167],
[17.55,-98.75],
[19.6011,-99.0525],
[41.0186,28.9647],
[51.8333,0.583333],
[37.6922,-97.3375],
[42.7475,-107.209],
[-20.2833,57.55],
[49.05,-122.3],
[24.0,119.0],
[39.9289,116.388],
[30.05,31.25],
[38.532,48.4602],
[40.1873,40.7794],
[51.3667,1.13333],
[38.4623,-92.302],
[40.5834,-74.1496],
[41.4995,-81.6954],
[41.4334,-81.6665],
[15.3547,44.2067],
[22.25,114.167],
[30.05,31.25],
[53.3331,-6.24889],
[28.65,77.2333],
[26.0,94.25],
[30.25,79.25],
[32.45,35.5333],
[-43.25,171.8],
[40.4036,27.3039],
[54.5833,-5.93333],
[39.7392,-104.985],
[44.2563,-89.6385],
[10.0,8.0],
[53.55,10.0],
[20.9667,72.9],
[8.50694,76.9569],
[25.6667,-100.317],
[-25.7069,28.2294],
[13.75,100.517],
[49.9808,36.2527],
[12.3703,-1.52472],
[6.1275,-67.4644],
[13.1667,-59.5333],
[39.9289,116.388],
[51.2667,7.18333],
[39.9289,116.388],
[34.6667,135.5],
[56.95,24.1],
[41.3037,-8.31721],
[-33.9167,18.4167],
[1.36917,103.85],
[37.9158,40.2189],
[45.4667,9.2],
[37.912,-89.842],
[40.757,-73.986],
[-30.3261,149.784],
[31.2222,121.458],
[19.2,73.1667],
[45.5833,9.26667],
[23.6333,-97.8333],
[59.0167,9.56667],
[40.4,-3.68333],
[19.0,109.5],
[41.85,-87.6501],
[33.4484,-112.074],
[42.3584,-71.0598],
[6.93194,79.8478],
[56.95,24.1],
[34.6989,126.386],
[33.7,73.1667],
[38.4623,-92.302],
[-17.8178,31.0447],
[-12.5,18.5],
[13.75,100.517],
[32.0667,34.7667],
[50.0833,14.4667],
[45.8,16.0],
[51.013,40.0986],
[-25.7069,28.2294],
[41.3833,2.18333],
[17.3018,101.954],
[3.8,32.55],
[38.4623,-92.302],
[38.4623,-92.302],
[22.4167,114.083],
[12.3703,-1.52472],
[59.0,26.0],
[38.9342,100.452],
[7.16667,5.08333],
[45.0,34.0],
[42.8731,74.6003],
[38.1653,32.1592],
[42.0046,-93.214],
[29.7633,-95.3633],
[48.7271,4.59197],
[59.0,26.0],
[62.0,10.0],
[45.5167,-75.8667],
[22.2667,114.15],
[22.2833,114.133],
[32.0667,34.7667],
[25.2867,51.5333],
[13.75,100.517],
[25.0478,121.532],
[25.0478,121.532],
[39.7392,-104.985],
[38.4623,-92.302],
[42.2709,-83.7263],
[31.106,-97.6475],
[40.5773,-77.264],
[52.35,4.91667],
[52.4,54.9833],
[7.89391,-72.5078],
[36.7631,3.05056],
[45.1333,-76.1333],
[50.0141,16.0797],
[20.2333,85.8333],
[35.685,139.751],
[13.5167,2.11667],
[14.8373,120.287],
[13.75,100.517],
[48.9215,24.7097],
[33.4484,-112.074],
[41.6005,-93.6091],
[44.6074,-69.3977],
[42.0046,-93.214],
[22.2833,114.183],
[40.1917,29.0611],
[22.0,98.0],
[8.10566,-72.7919],
[39.9289,116.388],
[4.5841,101.083],
[14.8373,120.287],
[35.3359,40.1408],
[52.2,0.116667],
[44.6074,-69.3977],
[31.106,-97.6475],
[59.0,26.0],
[38.4623,-92.302],
[19.5,-80.5],
[25.0478,121.532],
[-12.5,18.5],
[23.5,121.0],
[24.85,89.5667],
[31.2222,121.458],
[29.9314,32.5628],
[26.3358,127.801],
[-21.7197,34.9917],
[28.6,77.2],
[21.4267,39.8261],
[57.7833,14.1833],
[-22.57,17.0836],
[42.0664,-87.9373],
[36.0,138.0],
[21.8667,95.9833],
[65.0,-118.0],
[42.3584,-71.0598],
[-30.0,-71.0],
[35.5148,35.7768],
[39.9072,116.391],
[47.0056,28.8575],
[4.75,6.08333],
[53.2,50.15],
[27.8333,-81.717],
[39.9289,116.388],
[31.2565,32.2841],
[23.5,121.0],
[22.4167,114.083],
[33.7,73.1667],
[54.7065,20.511],
[48.5,38.5],
[34.7333,-120.034],
[53.55,10.0],
[41.5428,-83.7324],
[40.5773,-77.264],
[35.7449,-86.7489],
[10.75,106.667],
[20.9667,72.9],
[-33.0,-56.0],
[22.25,114.167],
[25.0478,121.532],
[10.0,8.0],
[43.3504,-84.5603],
[32.7831,-96.8067],
[-34.8581,-56.1708],
[-17.0,29.5],
[48.0,68.0],
[23.5,121.0],
[-34.0,-64.0],
[-34.0,-64.0],
[-31.9958,115.751],
[10.0,76.5],
[27.1,93.6167],
[-20.5122,33.7031],
[45.0,34.0],
[8.54934,-72.3914],
[48.15,11.5833],
[39.9289,116.388],
[-25.2667,-57.6667],
[54.2817,-9.79972],
[30.25,79.25],
[47.0056,28.8575],
[39.2904,-76.6122],
[36.175,-115.137],
[46.0646,-118.343],
[-33.958,18.4608],
[11.55,104.917],
[34.675,33.0333],
[-7.5,110.0],
[26.7,92.5],
[13.0833,80.2833],
[32.8925,13.18],
[9.08333,7.53333],
[-28.6207,31.0907],
[36.4261,32.1925],
[53.25,-2.11667],
[31.106,-97.6475],
[10.75,106.667],
[7.0,81.0],
[25.0478,121.532],
[32.9866,-83.6487],
[47.0,29.0],
[39.9289,116.388],
[49.0047,8.38583],
[39.9289,116.388],
[36.0,75.0],
[27.7901,120.544],
[32.8546,-79.9748],
[43.0667,-89.4335],
[4.0,-72.0],
[60.4744,5.325],
[20.0,77.0],
[-30.9806,150.258],
[17.7833,95.75],
[49.0047,8.38583],
[13.0833,80.2833],
[6.45306,3.39583],
[9.23333,29.8333],
[42.0,50.0],
[34.9513,-92.3809],
[39.9289,116.388],
[46.4639,30.7386],
[33.6198,-86.6089],
[31.106,-97.6475],
[-27.5,153.017],
[31.4593,104.754],
[34.675,33.0333],
[40.5,16.5],
[6.4402,7.4943],
[-25.5833,27.5667],
[27.8333,-81.717],
[41.9,12.4833],
[10.0,8.0],
[41.9,12.4833],
[10.0,8.0],
[22.0,96.0833],
[22.2,111.117],
[47.0056,28.8575],
[39.9289,116.388],
[13.5,23.5],
[39.5239,29.0279],
[-2.91667,32.25],
[13.75,100.517],
[40.3736,-82.7755],
[41.85,-87.6501],
[8.11486,-72.257],
[32.3333,-64.75],
[22.25,114.167],
[25.0478,121.532],
[22.3167,114.167],
[45.8,16.0],
[22.5697,88.3697],
[34.0058,-118.341],
[27.8333,-81.717],
[39.2904,-76.6122],
[42.2833,26.5167],
[23.5,121.0],
[-27.5,153.017],
[22.25,114.167],
[-6.17806,106.63],
[32.0387,73.751],
[5.41123,100.335],
[38.9375,-77.0869],
[10.1806,-68.0039],
[13.2613,145.096],
[35.5148,35.7768],
[20.0,77.0],
[39.9289,116.388],
[22.2833,114.133],
[32.767,22.6367],
[5.3378,116.16],
[52.35,4.91667],
[-1.5946,30.2251],
[41.3833,2.18333],
[-27.5,153.017],
[39.0724,-76.7902],
[40.5948,-81.5268],
[22.25,114.166667],
[22.25,114.167],
[49.0047,8.38583],
[51.05,13.75],
[19.05,-98.2],
[10.8658,12.847],
[28.4785,65.6436],
[9.60299,-69.8983],
[30.0,70.0],
[52.5167,13.4],
[22.25,114.167],
[-9.66078,20.3916],
[-33.8833,151.15],
[-33.8833,151.217],
[11.55,104.917],
[23.0333,72.6167],
[38.532,48.4602],
[34.6158,43.6786],
[35.4681,44.3922],
[18.4917,-93.75],
[5.9749,116.072],
[31.2309,73.1975],
[33.7128,73.0873],
[43.1833,-7.48333],
[38.7892,-90.3226],
[40.5779,-73.994],
[43.0667,-89.4335],
[13.2613,145.096],
[39.9289,116.388],
[56.95,24.1],
[62.1167,10.65],
[33.7,73.1667],
[41.3082,-72.9282],
[42.2223,-70.9995],
[39.0724,-76.7902],
[22.35,114.183],
[42.8731,74.6003],
[50.0833,14.4667],
[22.2833,114.133],
[17.3753,78.4744],
[25.2867,51.5333],
[51.8333,0.583333],
[39.3498,-75.5148],
[39.0724,-76.7902],
[39.5296,-119.814],
[12.3765,6.35837],
[-13.5,34.0],
[8.98333,79.9],
[43.0999,129.768],
[22.1839,112.303],
[32.0387,73.751],
[25.1833,85.5167],
[38.532,48.4602],
[45.4833,9.78333],
[17.9167,-93.8833],
[33.7667,44.5833],
[39.9289,116.388],
[48.2915,25.9403],
[37.669,-84.6514],
[29.9546,-90.0751],
[39.2904,-76.6122],
[42.8834,-74.4162],
[10.3333,7.75],
[-12.5,18.5],
[-33.0,-56.0],
[-26.5,153.0],
[23.5,121.0],
[-7.41361,109.496],
[-1.51667,37.2667],
[48.5,38.5],
[17.3018,101.954],
[22.25,114.167],
[46.4639,30.7386],
[38.9459,-92.3277],
[36.175,-115.137],
[-16.8939,30.1683],
[50.3333,-4.9],
[39.9289,116.388],
[53.0,-8.0],
[30.5833,114.267],
[-33.45,-70.6667],
[29.9314,32.5628],
[45.15,10.8],
[-25.2667,-57.6667],
[33.7,73.1667],
[53.5,-2.21667],
[13.75,100.517],
[40.3736,-82.7755],
[-15.4167,28.2833],
[38.8964,-77.0262],
[48.6667,19.5],
[30.0,70.0],
[35.125,33.95],
[52.2667,-9.71667],
[33.6667,35.8333],
[42.0,21.4333],
[52.35,4.91667],
[33.5547,73.1025],
[33.4484,-112.074],
[32.7153,-117.157],
[32.7153,-117.157],
[32.9866,-83.6487],
[42.0,21.4333],
[22.25,114.167],
[-33.0,-56.0],
[25.2522,55.28],
[-4.32972,15.315],
[15.0,19.0],
[-1.66667,-78.6333],
[39.9289,116.388],
[34.6667,135.5],
[41.762,-72.742],
[35.3333,139.55],
[-9.46472,147.193],
[47.0056,28.8575],
[22.25,114.167],
[13.75,100.517],
[51.0833,-114.083],
[47.5,-72.0],
[22.25,114.167],
[69.3535,88.2027],
[37.0594,37.3825],
[38.5111,-96.8005],
[38.4623,-92.302],
[43.0167,-88.007],
[39.9289,116.388],
[31.2222,121.458],
[51.25,-0.65],
[-23.0,-58.0],
[38.4623,-92.302],
[38.4623,-92.302],
[40.5834,-74.1496],
[23.5,121.0],
[-13.5833,-172.333],
[39.9289,116.388],
[13.75,100.517],
[25.5,51.25],
[25.7833,87.4667],
[37.5664,127.0],
[54.7065,20.511],
[42.5833,21.0],
[42.2709,-83.7263],
[38.4623,-92.302],
[35.5376,-96.9247],
[33.7,73.1667],
[39.9072,116.391],
[22.0,98.0],
[10.369,115.06],
[23.5,121.0],
[42.8731,74.6003],
[26.2361,50.5831],
[44.5384,18.6671],
[38.532,48.4602],
[34.796,72.1502],
[14.5518,120.994],
[39.9272,32.8644],
[51.45,-2.58333],
[27.4989,-82.5748],
[59.0,26.0],
[-20.2833,57.55],
[-33.8833,151.217],
[17.7833,95.75],
[48.5956,37.9999],
[-33.958,18.4608],
[44.2563,-89.6385],
[22.5697,88.3697],
[52.35,14.55],
[28.6,77.2],
[25.3333,83.0],
[32.767,22.6367],
[5.9749,116.072],
[39.9289,116.388],
[44.046,-123.07],
[50.8333,4.0],
[32.9714,119.999],
[21.9392,110.846],
[29.6161,76.9806],
[-11.4443,34.0206],
[19.6011,-99.0525],
[45.0,34.0],
[33.4484,-112.074],
[38.9459,-92.3277],
[41.4995,-81.6954],
[13.2613,145.096],
[63.35,18.85],
[33.6667,35.8333],
[46.1667,13.0],
[7.75,6.75],
[52.35,4.91667],
[38.8852,38.2417],
[25.0478,121.532],
[39.0646,-105.327],
[38.889,-77.0003],
[42.2709,-83.7263],
[51.1333,1.3],
[51.1333,1.3],
[42.8333,12.8333],
[-31.5498,116.467],
[56.0,24.0],
[19.05,-98.2],
[36.0,75.0],
[52.4,54.9833],
[37.768,-78.2057],
[36.3008,-119.783],
[38.7495,-90.2857],
[35.9429,-82.7088],
[38.4623,-92.302],
[43.0,25.0],
[44.8186,20.4681],
[44.4333,26.1],
[42.3584,-71.0598],
[10.0,8.0],
[53.5667,-2.9],
[22.3833,114.183],
[13.0,-85.0],
[53.0,-8.0],
[-35.4333,149.15],
[24.5133,117.656],
[5.16647,-75.766],
[53.2878,-6.34111],
[-24.3601,29.7409],
[-27.0,133.0],
[41.8334,-87.8501],
[46.7779,-123.503],
[22.25,114.167],
[41.9,12.45],
[45.6667,-62.7],
[45.4167,-75.7],
[32.0387,73.751],
[47.0056,28.8575],
[24.0,-107.033],
[52.5,-1.96667],
[39.9289,116.388],
[32.8925,13.18],
[22.25,114.167],
[42.7683,129.336],
[39.9289,116.388],
[40.5333,29.3333],
[38.1653,32.1592],
[40.1135,-111.854],
[-18.1853,31.5519],
[39.9289,116.388],
[27.2781,112.036],
[24.0,-107.033],
[24.7863,67.133],
[41.0186,28.9647],
[42.2709,-83.7263],
[38.4623,-92.302],
[43.0495,-88.0076],
[38.4623,-92.302],
[4.0,-72.0],
[39.9289,116.388],
[25.5,51.25],
[-27.5,153.017],
[53.55,10.0],
[20.2333,85.8333],
[38.612,27.4265],
[42.3584,-71.0598],
[26.3358,127.801],
[22.25,114.167],
[-13.5,34.0],
[19.6011,-99.0525],
[40.1167,23.8167],
[22.4167,114.083],
[18.75,77.1333],
[27.1667,78.05],
[17.85,-100.367],
[45.9275,20.0772],
[39.0724,-76.7902],
[41.4995,-81.6954],
[42.8333,12.8333],
[24.2011,112.907],
[22.25,114.167],
[-27.5,153.017],
[-22.7173,27.672],
[36.0986,120.372],
[-6.17444,106.829],
[31.2309,73.1975],
[54.8667,-4.83333],
[31.106,-97.6475],
[10.7167,-71.6833],
[45.5,-73.5833],
[47.5,-72.0],
[45.5,-73.5833],
[39.9044,116.391],
[10.1787,-63.5643],
[53.0,-8.0],
[40.1811,44.5136],
[41.55,23.5667],
[53.3331,-6.24889],
[26.0,94.25],
[27.0529,79.3583],
[32.5239,35.0341],
[33.7,73.1667],
[8.07597,99.8695],
[39.9289,116.388],
[40.5834,-74.1496],
[22.25,114.167],
[-34.0,-64.0],
[-34.8581,-56.1708],
[30.05,31.25],
[28.6,77.2],
[33.9167,76.6667],
[18.75,77.1333],
[36.0,138.0],
[33.7,73.1667],
[55.0,73.4],
[37.8716,-122.273],
[38.4623,-92.302],
[32.2504,-101.479],
[60.1756,24.9342],
[41.9,12.4833],
[33.7,73.1667],
[23.1687,89.2132],
[26.0,97.5],
[26.4667,80.35],
[31.1156,74.4467],
[37.9158,40.2189],
[48.3333,23.0],
[34.0433,-118.27],
[31.106,-97.6475],
[30.6,-106.317],
[39.9289,116.388],
[41.85,-87.6501],
[21.9392,110.846],
[-0.216667,-78.5],
[-12.05,-77.05],
[20.5,84.4167],
[56.3269,44.0075],
[36.5437,31.9998],
[48.5,38.5],
[37.8716,-122.273],
[30.05,31.25],
[31.1801,-91.8749],
[33.4206,43.3078],
[40.5834,-74.1496],
[16.0,106.0],
[24.5133,117.656],
[39.9289,116.388],
[49.3237,6.1212],
[28.6,77.2],
[33.6667,35.8333],
[17.85,-100.367],
[17.85,-100.367],
[53.1271,18.02],
[13.75,100.517],
[25.0478,121.532],
[42.2709,-83.7263],
[39.2904,-76.6122],
[1.28528,103.845],
[15.0,19.0],
[-35.2833,149.217],
[30.5833,114.267],
[21.9392,110.846],
[16.0,106.0],
[22.3,73.2],
[-13.5,34.0],
[-13.9833,33.7833],
[38.4623,-92.302],
[-13.5,34.0],
[37.9158,40.2189],
[25.0478,121.532],
[52.5167,13.4],
[11.9964,8.51667],
[31.2565,32.2841],
[15.457,36.4001],
[39.9272,32.8644],
[25.0478,121.532],
[33.8191,-80.9066],
[4.0,-72.0],
[22.25,114.167],
[22.25,114.167],
[39.9289,116.388],
[42.6203,18.1914],
[21.4667,74.9833],
[18.4917,-93.75],
[33.9674,36.6574],
[40.1873,40.7794],
[25.9812,-80.1484],
[41.6772,-71.5101],
[46.7779,-123.503],
[12.3703,-1.52472],
[22.25,114.167],
[49.75,6.1667],
[32.0667,34.7667],
[28.6,77.2],
[45.0,34.0],
[25.0478,121.532],
[52.7833,-1.18333],
[37.912,-89.842],
[42.3223,-83.1763],
[41.4334,-81.6665],
[38.889,-77.0003],
[38.889,-77.0003],
[22.1667,114.25],
[8.73308,126.321],
[40.1811,44.5136],
[1.55,110.333],
[39.9289,116.388],
[18.975,72.8258],
[32.9,35.3333],
[41.45,12.6167],
[42.0,21.4333],
[33.5375,-112.182],
[38.5816,-121.494],
[42.8333,12.8333],
[41.5428,-83.7324],
[22.2833,114.133],
[35.0209,40.4535],
[15.3547,44.2067],
[22.25,114.167],
[-6.17444,106.829],
[-3.78298,39.2758],
[-25.7069,28.2294],
[39.2904,-76.6122],
[38.4623,-92.302],
[41.6772,-71.5101],
[22.25,114.167],
[22.25,114.167],
[27.2781,112.036],
[22.5697,88.3697],
[19.4342,-99.1386],
[31.5497,74.3436],
[24.6408,46.7728],
[-24.3601,29.7409],
[10.6486,-61.4951],
[40.4036,27.3039],
[34.1083,-117.29],
[31.0,36.0],
[44.2563,-89.6385],
[15.3547,44.2067],
[62.0,10.0],
[47.5,19.0833],
[4.0,-72.0],
[24.0,109.0],
[14.85,75.2667],
[19.8833,75.3333],
[45.7326,-93.9196],
[35.7449,-86.7489],
[34.9513,-92.3809],
[41.9,12.4833],
[36.4667,111.783],
[29.6161,76.9806],
[55.95,-3.2],
[32.0667,34.7667],
[39.9272,32.8644],
[13.5167,2.11667],
[10.6486,-61.4951],
[25.0478,121.532],
[37.768,-78.2057],
[39.0724,-76.7902],
[41.4995,-81.6954],
[44.2563,-89.6385],
[10.3556,-67.0478],
[42.0167,24.0],
[-26.9167,-65.2833],
[22.25,114.167],
[13.75,100.517],
[42.0,21.4333],
[16.4467,102.833],
[6.03333,39.0833],
[44.2563,-89.6385],
[-13.5,34.0],
[48.15,11.5833],
[22.2833,114.133],
[22.4167,114.083],
[28.6,77.2],
[-3.78298,39.2758],
[21.2703,40.4158],
[42.8731,74.6003],
[13.9833,100.617],
[51.8333,0.583333],
[38.4623,-92.302],
[42.2709,-83.7263],
[38.4623,-92.302],
[41.4995,-81.6954],
[43.0667,-89.4335],
[28.6,77.2],
[28.6,77.2],
[15.0,19.0],
[39.9289,116.388],
[25.465,110.076],
[22.2833,114.133],
[38.2547,140.885],
[-25.7069,28.2294],
[-41.0,174.0],
[53.0,28.0],
[34.0522,-118.244],
[37.4241,-122.166],
[13.75,100.517],
[38.4623,-92.302],
[40.1135,-111.854],
[40.3736,-82.7755],
[-23.5333,-46.6167],
[34.0522,-118.244],
[15.0,48.0],
[13.2613,145.096],
[-34.0,-64.0],
[9.16667,92.8167],
[6.68333,-1.61667],
[36.2014,128.298],
[31.106,-97.6475],
[44.349,-68.3442],
[44.8544,-93.2436],
[41.0,123.0],
[41.0,123.0],
[45.5833,-62.6333],
[22.4167,114.083],
[35.685,139.751],
[28.0833,-108.883],
[24.0,-107.033],
[5.48333,102.1],
[45.0,34.0],
[34.1083,-117.29],
[21.5,-80.0],
[41.3594,-106.296],
[39.9289,116.388],
[12.9833,77.5833],
[-34.0,-64.0],
[22.25,114.167],
[27.2781,112.036],
[39.9072,116.391],
[15.0,39.0],
[32.4594,35.3009],
[34.9513,-92.3809],
[42.1015,-72.5898],
[22.25,114.167],
[36.0,138.0],
[11.5,43.0],
[37.0,127.5],
[25.1167,94.3667],
[7.94099,5.05488],
[8.67417,126.147],
[38.4623,-92.302],
[46.9048,-110.326],
[-33.0,-56.0],
[44.8667,0.266667],
[24.8667,93.0667],
[35.97,14.3458],
[58.4167,15.6167],
[38.4623,-92.302],
[37.7749,-122.419],
[34.4133,-119.861],
[33.4206,43.3078],
[44.2563,-89.6385],
[-34.8581,-56.1708],
[21.0333,105.85],
[-26.2667,27.8667],
[11.55,104.917],
[15.2384,104.849],
[11.5,43.0],
[42.3333,23.55],
[1.0,114.0],
[25.1833,85.5167],
[24.0,119.0],
[27.8333,-81.717],
[44.2394,-114.51],
[38.4623,-92.302],
[35.6411,-79.8431],
[39.5296,-119.814],
[30.6,-106.317],
[44.4333,26.1],
[54.2817,-9.79972],
[53.55,10.0],
[52.1667,11.6667],
[39.9272,32.8644],
[47.0056,28.8575],
[69.3,124.567],
[51.013,40.0986],
[1.2075,103.721],
[40.4,-3.68333],
[22.8483,120.389],
[35.7449,-86.7489],
[39.162,-84.4569],
[42.8333,12.8333],
[42.8333,12.8333],
[35.0845,-106.651],
[35.0845,-106.651],
[43.0,25.0],
[39.9289,116.388],
[3.16667,101.7],
[0.333333,32.5667],
[19.6011,-99.0525],
[1.4655,103.758],
[-13.8458,-73.1953],
[18.2766,-66.335],
[32.7673,-89.6812],
[36.3411,-97.907],
[46.7779,-123.503],
[37.0,127.5],
[5.34111,-4.02806],
[22.2833,114.133],
[37.0456,49.0939],
[56.0,10.0],
[55.7253,37.2031],
[48.2915,25.9403],
[34.0686,-118.028],
[10.7167,-71.6833],
[32.9866,-83.6487],
[49.1961,-2.12585],
[47.0,29.0],
[52.4,-8.57722],
[32.5239,35.0341],
[40.5,16.5],
[45.4667,9.2],
[34.02,-6.83],
[54.7065,20.511],
[45.0,34.0],
[23.1319,-82.3642],
[38.5111,-96.8005],
[30.0974,-96.0783],
[53.0,-8.0],
[40.1873,40.7794],
[22.25,114.167],
[51.8833,-8.58333],
[51.2667,7.18333],
[53.0,28.0],
[41.85,-87.6501],
[11.5,43.0],
[22.25,114.167],
[51.0833,-114.083],
[34.6158,43.6786],
[17.85,-100.367],
[1.4655,103.758],
[21.2703,40.4158],
[24.7863,67.133],
[35.7449,-86.7489],
[37.9158,40.2189],
[53.0,28.0],
[15.3547,44.2067],
[10.8658,12.847],
[34.796,72.1502],
[45.0,34.0],
[-38.1333,145.117],
[-0.216667,-78.5],
[53.55,10.0],
[51.8833,5.3],
[39.2904,-76.6122],
[43.0667,-89.4335],
[4.0,-72.0],
[22.2833,114.183],
[33.0038,113.128],
[22.2,111.117],
[31.1981,29.9192],
[17.85,-100.367],
[1.28528,103.845],
[46.9167,7.46667],
[13.75,100.517],
[51.2167,-0.566667],
[15.3333,43.3],
[34.4133,-119.861],
[23.5,121.0],
[52.9167,-82.4333],
[6.93194,79.8478],
[26.9877,102.443],
[29.6161,76.9806],
[38.4623,-92.302],
[-20.2833,57.55],
[-5.0,120.0],
[16.0,106.0],
[16.0,106.0],
[30.2553,120.169],
[-1.28333,36.8167],
[-29.6635,27.4045],
[33.722,73.0224],
[1.36917,103.85],
[48.567,39.3171],
[41.5834,-72.7622],
[37.669,-84.6514],
[-33.9946,18.5298],
[51.6231,-8.87056],
[45.5,-73.5833],
[3.16667,101.7],
[33.7,73.1667],
[-12.5,18.5],
[4.0,-72.0],
[22.4167,114.083],
[33.4484,-112.074],
[31.1801,-91.8749],
[42.0584,-70.1786],
[43.4197,-85.8],
[29.0,120.0],
[11.5,43.0],
[20.0,-12.0],
[-4.32972,15.315],
[34.1794,36.4208],
[-29.6635,27.4045],
[4.5841,101.083],
[6.4402,7.4943],
[59.1975,-135.291],
[40.7032,-74.0157],
[20.0,77.0],
[8.0,1.1667],
[8.0,-5.0],
[8.0,-5.0],
[8.0,8.0],
[8.0,1.1667],
[-10.0,-55.0],
[23.0,93.0],
[32.0,90.0],
[32.0,53.0],
[32.0,90.0],
[32.0,-5.0],
[32.0,90.0],
[32.0,53.0],
[33.0,44.0],
[33.0,44.0],
[33.0,44.0],
[33.0,44.0],
[33.0,44.0],
[33.0,65.0],
[33.0,44.0],
[33.0,65.0],
[33.0,44.0],
[33.0,44.0],
[33.0,44.0],
[33.0,65.0],
[33.0,44.0],
[33.0,44.0],
[49.0,11.5],
[51.0,13.0],
[51.0,13.0],
[51.5,-0.133333],
